{
    "mc_2020_arjun_046": {
        "custom": 2.4276089668273926,
        "threads": 2,
        "size": 23.0,
        "np_mm": 2.8723413944244385,
        "torch": 3.3714206218719482
    },
    "lm_batch_likelihood_sentence_4_8d": {
        "custom": 1.7755346298217773,
        "threads": 2,
        "size": 22.89178370321831,
        "np_mm": 0.5599837303161621,
        "torch": 0.8336310386657715
    }
}