{
    "mc_2020_arjun_046": {
        "custom": 2.332782506942749,
        "threads": 2,
        "size": 23.0,
        "np_mm": 2.887716770172119,
        "torch": 3.342566967010498,
        "custom_tf": 1.5503816604614258,
        "np_mm_tf": 2.0641422271728516
    },
    "lm_batch_likelihood_sentence_4_8d": {
        "custom": 1.7774040699005127,
        "threads": 2,
        "size": 22.89178370321831,
        "np_mm": 0.6544504165649414,
        "torch": 0.8282186985015869,
        "custom_tf": 1.5023064613342285,
        "np_mm_tf": 0.27991485595703125
    }
}