{
    "mc_2020_arjun_046": {
        "custom": 2.406168222427368,
        "threads": 3,
        "size": 23.0,
        "np_mm": 3.0452053546905518,
        "torch": 3.370393753051758
    },
    "lm_batch_likelihood_sentence_4_8d": {
        "custom": 1.8026325702667236,
        "threads": 3,
        "size": 22.89178370321831,
        "np_mm": 0.6833906173706055,
        "torch": 0.8312947750091553
    }
}