{
    "mc_2020_arjun_046": {
        "custom": 2.4712131023406982,
        "threads": 4,
        "size": 23.0,
        "np_mm": 2.9419620037078857,
        "torch": 3.373537540435791
    },
    "lm_batch_likelihood_sentence_4_8d": {
        "custom": 1.79050612449646,
        "threads": 4,
        "size": 22.89178370321831,
        "np_mm": 0.6680185794830322,
        "torch": 0.8385717868804932
    }
}