{
    "mc_2020_arjun_046": {
        "custom": 2.284665822982788,
        "threads": 4,
        "size": 23.0,
        "np_mm": 3.013746500015259,
        "torch": 3.3912484645843506,
        "custom_tf": 1.4759674072265625,
        "np_mm_tf": 2.098823070526123
    },
    "lm_batch_likelihood_sentence_4_8d": {
        "custom": 1.7861933708190918,
        "threads": 4,
        "size": 22.89178370321831,
        "np_mm": 0.5706989765167236,
        "torch": 0.8246159553527832,
        "custom_tf": 1.5267560482025146,
        "np_mm_tf": 0.28284192085266113
    }
}