{
    "mc_2022_167": {
        "custom": 34.73985505104065,
        "flops": 6.8712784027149,
        "size": 6.0,
        "numpy": 2.3334221839904785,
        "np_mm": 9.573548316955566,
        "torch": null
    },
    "mc_2022_079": {
        "custom": 0.27698206901550293,
        "flops": 6.628804733956672,
        "size": 11.0,
        "numpy": 0.08528542518615723,
        "np_mm": 0.09282279014587402,
        "torch": 0.12291979789733887
    }
}