{
    "mc_2020_arjun_046": {
        "custom": 3.288818359375,
        "threads": 1,
        "size": 23.0,
        "np_mm": 2.919419288635254,
        "torch": 4.2379515171051025,
        "custom_tf": 2.435178518295288,
        "np_mm_tf": 2.0648012161254883
    },
    "lm_batch_likelihood_sentence_4_8d": {
        "custom": 2.8717923164367676,
        "threads": 1,
        "size": 22.89178370321831,
        "np_mm": 0.7475218772888184,
        "torch": 1.2322213649749756,
        "custom_tf": 2.606841802597046,
        "np_mm_tf": 0.38354063034057617
    }
}