{
    "mc_2020_arjun_046": {
        "custom": 2.305912971496582,
        "threads": 3,
        "size": 23.0,
        "np_mm": 3.04148006439209,
        "torch": 3.336801052093506,
        "custom_tf": 1.4755859375,
        "np_mm_tf": 2.090763568878174
    },
    "lm_batch_likelihood_sentence_4_8d": {
        "custom": 1.7724974155426025,
        "threads": 3,
        "size": 22.89178370321831,
        "np_mm": 0.6009807586669922,
        "torch": 0.8237829208374023,
        "custom_tf": 1.5088512897491455,
        "np_mm_tf": 0.2805202007293701
    }
}