{
    "mc_2020_arjun_046": {
        "custom": 3.288818359375,
        "threads": 1,
        "size": 23.0,
        "np_mm": 2.919419288635254,
        "torch": 4.2379515171051025,
        "custom_tf": 2.435178518295288,
        "np_mm_tf": 2.0648012161254883
    },
    "mc_2020_arjun_046_2": {
        "custom": 2.332782506942749,
        "threads": 2,
        "size": 23.0,
        "np_mm": 2.887716770172119,
        "torch": 3.342566967010498,
        "custom_tf": 1.5503816604614258,
        "np_mm_tf": 2.0641422271728516
    },   
    "mc_2020_arjun_046_3": {
        "custom": 2.305912971496582,
        "threads": 3,
        "size": 23.0,
        "np_mm": 3.04148006439209,
        "torch": 3.336801052093506,
        "custom_tf": 1.4755859375,
        "np_mm_tf": 2.090763568878174
    },    
    "mc_2020_arjun_046_4": {
        "custom": 2.284665822982788,
        "threads": 4,
        "size": 23.0,
        "np_mm": 3.013746500015259,
        "torch": 3.3912484645843506,
        "custom_tf": 1.4759674072265625,
        "np_mm_tf": 2.098823070526123
    }
}